el	rotpposn	Z	mod_xshift	mod_yshift
15.0	-360.0	75.0	-0.992	3.117
17.413793103448285	-360.0	72.58620689655172	-1.002	2.813
19.827586206896555	-360.0	70.17241379310344	-1.012	2.509
22.241379310344826	-360.0	67.75862068965517	-1.021	2.206
24.65517241379311	-360.0	65.34482758620689	-1.029	1.904
27.06896551724138	-360.0	62.93103448275862	-1.037	1.604
29.48275862068965	-360.0	60.51724137931035	-1.044	1.306
31.89655172413793	-360.0	58.10344827586207	-1.051	1.011
34.310344827586206	-360.0	55.689655172413794	-1.057	0.719
36.724137931034484	-360.0	53.275862068965516	-1.062	0.432
39.13793103448276	-360.0	50.86206896551724	-1.066	0.148
41.55172413793103	-360.0	48.44827586206897	-1.07	-0.13
43.96551724137931	-360.0	46.03448275862069	-1.073	-0.403
46.37931034482759	-360.0	43.62068965517241	-1.076	-0.67
48.79310344827586	-360.0	41.20689655172414	-1.077	-0.93
51.206896551724135	-360.0	38.793103448275865	-1.078	-1.184
53.62068965517241	-360.0	36.37931034482759	-1.079	-1.431
56.03448275862069	-360.0	33.96551724137931	-1.078	-1.669
58.44827586206897	-360.0	31.551724137931032	-1.077	-1.9
60.86206896551724	-360.0	29.13793103448276	-1.075	-2.122
63.275862068965516	-360.0	26.724137931034484	-1.073	-2.335
65.6896551724138	-360.0	24.310344827586206	-1.069	-2.539
68.10344827586206	-360.0	21.896551724137936	-1.066	-2.733
70.51724137931035	-360.0	19.48275862068965	-1.061	-2.917
72.93103448275862	-360.0	17.06896551724138	-1.056	-3.091
75.34482758620689	-360.0	14.65517241379311	-1.05	-3.254
77.75862068965517	-360.0	12.241379310344826	-1.043	-3.406
80.17241379310344	-360.0	9.827586206896555	-1.036	-3.547
82.58620689655172	-360.0	7.413793103448285	-1.028	-3.677
85.0	-360.0	5.0	-1.019	-3.794
15.0	-346.0344827586207	75.0	-1.659	3.965
17.413793103448285	-346.0344827586207	72.58620689655172	-1.661	3.651
19.827586206896555	-346.0344827586207	70.17241379310344	-1.661	3.335
22.241379310344826	-346.0344827586207	67.75862068965517	-1.66	3.019
24.65517241379311	-346.0344827586207	65.34482758620689	-1.656	2.702
27.06896551724138	-346.0344827586207	62.93103448275862	-1.651	2.386
29.48275862068965	-346.0344827586207	60.51724137931035	-1.645	2.07
31.89655172413793	-346.0344827586207	58.10344827586207	-1.636	1.756
34.310344827586206	-346.0344827586207	55.689655172413794	-1.626	1.445
36.724137931034484	-346.0344827586207	53.275862068965516	-1.615	1.136
39.13793103448276	-346.0344827586207	50.86206896551724	-1.601	0.83
41.55172413793103	-346.0344827586207	48.44827586206897	-1.586	0.527
43.96551724137931	-346.0344827586207	46.03448275862069	-1.57	0.229
46.37931034482759	-346.0344827586207	43.62068965517241	-1.551	-0.064
48.79310344827586	-346.0344827586207	41.20689655172414	-1.532	-0.352
51.206896551724135	-346.0344827586207	38.793103448275865	-1.51	-0.634
53.62068965517241	-346.0344827586207	36.37931034482759	-1.488	-0.91
56.03448275862069	-346.0344827586207	33.96551724137931	-1.464	-1.179
58.44827586206897	-346.0344827586207	31.551724137931032	-1.438	-1.441
60.86206896551724	-346.0344827586207	29.13793103448276	-1.411	-1.695
63.275862068965516	-346.0344827586207	26.724137931034484	-1.383	-1.94
65.6896551724138	-346.0344827586207	24.310344827586206	-1.353	-2.178
68.10344827586206	-346.0344827586207	21.896551724137936	-1.323	-2.406
70.51724137931035	-346.0344827586207	19.48275862068965	-1.291	-2.624
72.93103448275862	-346.0344827586207	17.06896551724138	-1.258	-2.833
75.34482758620689	-346.0344827586207	14.65517241379311	-1.224	-3.032
77.75862068965517	-346.0344827586207	12.241379310344826	-1.189	-3.22
80.17241379310344	-346.0344827586207	9.827586206896555	-1.154	-3.397
82.58620689655172	-346.0344827586207	7.413793103448285	-1.117	-3.563
85.0	-346.0344827586207	5.0	-1.08	-3.718
15.0	-332.0689655172414	75.0	-2.272	4.646
17.413793103448285	-332.0689655172414	72.58620689655172	-2.267	4.323
19.827586206896555	-332.0689655172414	70.17241379310344	-2.258	3.998
22.241379310344826	-332.0689655172414	67.75862068965517	-2.247	3.671
24.65517241379311	-332.0689655172414	65.34482758620689	-2.233	3.342
27.06896551724138	-332.0689655172414	62.93103448275862	-2.217	3.013
29.48275862068965	-332.0689655172414	60.51724137931035	-2.198	2.684
31.89655172413793	-332.0689655172414	58.10344827586207	-2.176	2.355
34.310344827586206	-332.0689655172414	55.689655172413794	-2.151	2.027
36.724137931034484	-332.0689655172414	53.275862068965516	-2.124	1.7
39.13793103448276	-332.0689655172414	50.86206896551724	-2.094	1.376
41.55172413793103	-332.0689655172414	48.44827586206897	-2.061	1.055
43.96551724137931	-332.0689655172414	46.03448275862069	-2.027	0.737
46.37931034482759	-332.0689655172414	43.62068965517241	-1.99	0.422
48.79310344827586	-332.0689655172414	41.20689655172414	-1.95	0.112
51.206896551724135	-332.0689655172414	38.793103448275865	-1.908	-0.192
53.62068965517241	-332.0689655172414	36.37931034482759	-1.864	-0.492
56.03448275862069	-332.0689655172414	33.96551724137931	-1.818	-0.785
58.44827586206897	-332.0689655172414	31.551724137931032	-1.77	-1.072
60.86206896551724	-332.0689655172414	29.13793103448276	-1.72	-1.351
63.275862068965516	-332.0689655172414	26.724137931034484	-1.668	-1.623
65.6896551724138	-332.0689655172414	24.310344827586206	-1.615	-1.887
68.10344827586206	-332.0689655172414	21.896551724137936	-1.56	-2.143
70.51724137931035	-332.0689655172414	19.48275862068965	-1.503	-2.389
72.93103448275862	-332.0689655172414	17.06896551724138	-1.445	-2.626
75.34482758620689	-332.0689655172414	14.65517241379311	-1.385	-2.854
77.75862068965517	-332.0689655172414	12.241379310344826	-1.324	-3.071
80.17241379310344	-332.0689655172414	9.827586206896555	-1.262	-3.277
82.58620689655172	-332.0689655172414	7.413793103448285	-1.199	-3.472
85.0	-332.0689655172414	5.0	-1.135	-3.656
15.0	-318.1034482758621	75.0	-2.796	5.119
17.413793103448285	-318.1034482758621	72.58620689655172	-2.784	4.79
19.827586206896555	-318.1034482758621	70.17241379310344	-2.769	4.458
22.241379310344826	-318.1034482758621	67.75862068965517	-2.75	4.124
24.65517241379311	-318.1034482758621	65.34482758620689	-2.727	3.787
27.06896551724138	-318.1034482758621	62.93103448275862	-2.7	3.449
29.48275862068965	-318.1034482758621	60.51724137931035	-2.67	3.11
31.89655172413793	-318.1034482758621	58.10344827586207	-2.636	2.77
34.310344827586206	-318.1034482758621	55.689655172413794	-2.599	2.431
36.724137931034484	-318.1034482758621	53.275862068965516	-2.559	2.093
39.13793103448276	-318.1034482758621	50.86206896551724	-2.515	1.756
41.55172413793103	-318.1034482758621	48.44827586206897	-2.468	1.421
43.96551724137931	-318.1034482758621	46.03448275862069	-2.417	1.089
46.37931034482759	-318.1034482758621	43.62068965517241	-2.364	0.76
48.79310344827586	-318.1034482758621	41.20689655172414	-2.307	0.435
51.206896551724135	-318.1034482758621	38.793103448275865	-2.248	0.114
53.62068965517241	-318.1034482758621	36.37931034482759	-2.186	-0.201
56.03448275862069	-318.1034482758621	33.96551724137931	-2.121	-0.512
58.44827586206897	-318.1034482758621	31.551724137931032	-2.054	-0.816
60.86206896551724	-318.1034482758621	29.13793103448276	-1.984	-1.113
63.275862068965516	-318.1034482758621	26.724137931034484	-1.912	-1.403
65.6896551724138	-318.1034482758621	24.310344827586206	-1.838	-1.686
68.10344827586206	-318.1034482758621	21.896551724137936	-1.762	-1.96
70.51724137931035	-318.1034482758621	19.48275862068965	-1.684	-2.226
72.93103448275862	-318.1034482758621	17.06896551724138	-1.604	-2.483
75.34482758620689	-318.1034482758621	14.65517241379311	-1.522	-2.73
77.75862068965517	-318.1034482758621	12.241379310344826	-1.439	-2.967
80.17241379310344	-318.1034482758621	9.827586206896555	-1.355	-3.193
82.58620689655172	-318.1034482758621	7.413793103448285	-1.269	-3.409
85.0	-318.1034482758621	5.0	-1.182	-3.614
15.0	-304.1379310344828	75.0	-3.2	5.356
17.413793103448285	-304.1379310344828	72.58620689655172	-3.183	5.024
19.827586206896555	-304.1379310344828	70.17241379310344	-3.162	4.689
22.241379310344826	-304.1379310344828	67.75862068965517	-3.137	4.351
24.65517241379311	-304.1379310344828	65.34482758620689	-3.107	4.01
27.06896551724138	-304.1379310344828	62.93103448275862	-3.072	3.667
29.48275862068965	-304.1379310344828	60.51724137931035	-3.034	3.323
31.89655172413793	-304.1379310344828	58.10344827586207	-2.991	2.979
34.310344827586206	-304.1379310344828	55.689655172413794	-2.945	2.634
36.724137931034484	-304.1379310344828	53.275862068965516	-2.894	2.289
39.13793103448276	-304.1379310344828	50.86206896551724	-2.839	1.946
41.55172413793103	-304.1379310344828	48.44827586206897	-2.781	1.605
43.96551724137931	-304.1379310344828	46.03448275862069	-2.718	1.265
46.37931034482759	-304.1379310344828	43.62068965517241	-2.652	0.929
48.79310344827586	-304.1379310344828	41.20689655172414	-2.583	0.596
51.206896551724135	-304.1379310344828	38.793103448275865	-2.51	0.268
53.62068965517241	-304.1379310344828	36.37931034482759	-2.434	-0.056
56.03448275862069	-304.1379310344828	33.96551724137931	-2.355	-0.375
58.44827586206897	-304.1379310344828	31.551724137931032	-2.273	-0.687
60.86206896551724	-304.1379310344828	29.13793103448276	-2.188	-0.994
63.275862068965516	-304.1379310344828	26.724137931034484	-2.1	-1.293
65.6896551724138	-304.1379310344828	24.310344827586206	-2.01	-1.585
68.10344827586206	-304.1379310344828	21.896551724137936	-1.918	-1.869
70.51724137931035	-304.1379310344828	19.48275862068965	-1.823	-2.144
72.93103448275862	-304.1379310344828	17.06896551724138	-1.727	-2.411
75.34482758620689	-304.1379310344828	14.65517241379311	-1.628	-2.668
77.75862068965517	-304.1379310344828	12.241379310344826	-1.528	-2.915
80.17241379310344	-304.1379310344828	9.827586206896555	-1.426	-3.152
82.58620689655172	-304.1379310344828	7.413793103448285	-1.323	-3.378
85.0	-304.1379310344828	5.0	-1.219	-3.592
15.0	-290.1724137931035	75.0	-3.46	5.343
17.413793103448285	-290.1724137931035	72.58620689655172	-3.44	5.011
19.827586206896555	-290.1724137931035	70.17241379310344	-3.415	4.676
22.241379310344826	-290.1724137931035	67.75862068965517	-3.386	4.338
24.65517241379311	-290.1724137931035	65.34482758620689	-3.351	3.998
27.06896551724138	-290.1724137931035	62.93103448275862	-3.312	3.655
29.48275862068965	-290.1724137931035	60.51724137931035	-3.268	3.312
31.89655172413793	-290.1724137931035	58.10344827586207	-3.22	2.967
34.310344827586206	-290.1724137931035	55.689655172413794	-3.167	2.623
36.724137931034484	-290.1724137931035	53.275862068965516	-3.109	2.279
39.13793103448276	-290.1724137931035	50.86206896551724	-3.048	1.936
41.55172413793103	-290.1724137931035	48.44827586206897	-2.982	1.595
43.96551724137931	-290.1724137931035	46.03448275862069	-2.912	1.256
46.37931034482759	-290.1724137931035	43.62068965517241	-2.838	0.92
48.79310344827586	-290.1724137931035	41.20689655172414	-2.76	0.588
51.206896551724135	-290.1724137931035	38.793103448275865	-2.679	0.259
53.62068965517241	-290.1724137931035	36.37931034482759	-2.594	-0.064
56.03448275862069	-290.1724137931035	33.96551724137931	-2.505	-0.382
58.44827586206897	-290.1724137931035	31.551724137931032	-2.414	-0.694
60.86206896551724	-290.1724137931035	29.13793103448276	-2.319	-1.0
63.275862068965516	-290.1724137931035	26.724137931034484	-2.221	-1.299
65.6896551724138	-290.1724137931035	24.310344827586206	-2.121	-1.591
68.10344827586206	-290.1724137931035	21.896551724137936	-2.018	-1.874
70.51724137931035	-290.1724137931035	19.48275862068965	-1.913	-2.149
72.93103448275862	-290.1724137931035	17.06896551724138	-1.805	-2.415
75.34482758620689	-290.1724137931035	14.65517241379311	-1.696	-2.671
77.75862068965517	-290.1724137931035	12.241379310344826	-1.585	-2.918
80.17241379310344	-290.1724137931035	9.827586206896555	-1.472	-3.154
82.58620689655172	-290.1724137931035	7.413793103448285	-1.358	-3.379
85.0	-290.1724137931035	5.0	-1.242	-3.593
15.0	-276.2068965517241	75.0	-3.56	5.081
17.413793103448285	-276.2068965517241	72.58620689655172	-3.539	4.753
19.827586206896555	-276.2068965517241	70.17241379310344	-3.513	4.421
22.241379310344826	-276.2068965517241	67.75862068965517	-3.482	4.087
24.65517241379311	-276.2068965517241	65.34482758620689	-3.446	3.751
27.06896551724138	-276.2068965517241	62.93103448275862	-3.405	3.414
29.48275862068965	-276.2068965517241	60.51724137931035	-3.359	3.075
31.89655172413793	-276.2068965517241	58.10344827586207	-3.308	2.737
34.310344827586206	-276.2068965517241	55.689655172413794	-3.253	2.398
36.724137931034484	-276.2068965517241	53.275862068965516	-3.193	2.061
39.13793103448276	-276.2068965517241	50.86206896551724	-3.128	1.725
41.55172413793103	-276.2068965517241	48.44827586206897	-3.06	1.391
43.96551724137931	-276.2068965517241	46.03448275862069	-2.987	1.06
46.37931034482759	-276.2068965517241	43.62068965517241	-2.91	0.733
48.79310344827586	-276.2068965517241	41.20689655172414	-2.829	0.409
51.206896551724135	-276.2068965517241	38.793103448275865	-2.744	0.089
53.62068965517241	-276.2068965517241	36.37931034482759	-2.655	-0.225
56.03448275862069	-276.2068965517241	33.96551724137931	-2.563	-0.534
58.44827586206897	-276.2068965517241	31.551724137931032	-2.468	-0.836
60.86206896551724	-276.2068965517241	29.13793103448276	-2.37	-1.132
63.275862068965516	-276.2068965517241	26.724137931034484	-2.268	-1.421
65.6896551724138	-276.2068965517241	24.310344827586206	-2.164	-1.702
68.10344827586206	-276.2068965517241	21.896551724137936	-2.057	-1.975
70.51724137931035	-276.2068965517241	19.48275862068965	-1.948	-2.239
72.93103448275862	-276.2068965517241	17.06896551724138	-1.836	-2.494
75.34482758620689	-276.2068965517241	14.65517241379311	-1.722	-2.74
77.75862068965517	-276.2068965517241	12.241379310344826	-1.607	-2.975
80.17241379310344	-276.2068965517241	9.827586206896555	-1.49	-3.2
82.58620689655172	-276.2068965517241	7.413793103448285	-1.371	-3.414
85.0	-276.2068965517241	5.0	-1.251	-3.617
15.0	-262.2413793103448	75.0	-3.495	4.585
17.413793103448285	-262.2413793103448	72.58620689655172	-3.475	4.263
19.827586206896555	-262.2413793103448	70.17241379310344	-3.45	3.939
22.241379310344826	-262.2413793103448	67.75862068965517	-3.42	3.612
24.65517241379311	-262.2413793103448	65.34482758620689	-3.384	3.285
27.06896551724138	-262.2413793103448	62.93103448275862	-3.345	2.957
29.48275862068965	-262.2413793103448	60.51724137931035	-3.3	2.629
31.89655172413793	-262.2413793103448	58.10344827586207	-3.251	2.301
34.310344827586206	-262.2413793103448	55.689655172413794	-3.197	1.975
36.724137931034484	-262.2413793103448	53.275862068965516	-3.139	1.65
39.13793103448276	-262.2413793103448	50.86206896551724	-3.076	1.327
41.55172413793103	-262.2413793103448	48.44827586206897	-3.009	1.007
43.96551724137931	-262.2413793103448	46.03448275862069	-2.938	0.691
46.37931034482759	-262.2413793103448	43.62068965517241	-2.863	0.379
48.79310344827586	-262.2413793103448	41.20689655172414	-2.784	0.071
51.206896551724135	-262.2413793103448	38.793103448275865	-2.702	-0.232
53.62068965517241	-262.2413793103448	36.37931034482759	-2.616	-0.529
56.03448275862069	-262.2413793103448	33.96551724137931	-2.526	-0.82
58.44827586206897	-262.2413793103448	31.551724137931032	-2.433	-1.105
60.86206896551724	-262.2413793103448	29.13793103448276	-2.337	-1.382
63.275862068965516	-262.2413793103448	26.724137931034484	-2.238	-1.652
65.6896551724138	-262.2413793103448	24.310344827586206	-2.136	-1.913
68.10344827586206	-262.2413793103448	21.896551724137936	-2.032	-2.167
70.51724137931035	-262.2413793103448	19.48275862068965	-1.925	-2.41
72.93103448275862	-262.2413793103448	17.06896551724138	-1.816	-2.645
75.34482758620689	-262.2413793103448	14.65517241379311	-1.705	-2.87
77.75862068965517	-262.2413793103448	12.241379310344826	-1.593	-3.084
80.17241379310344	-262.2413793103448	9.827586206896555	-1.478	-3.288
82.58620689655172	-262.2413793103448	7.413793103448285	-1.362	-3.48
85.0	-262.2413793103448	5.0	-1.245	-3.662
15.0	-248.27586206896552	75.0	-3.269	3.885
17.413793103448285	-248.27586206896552	72.58620689655172	-3.251	3.571
19.827586206896555	-248.27586206896552	70.17241379310344	-3.229	3.257
22.241379310344826	-248.27586206896552	67.75862068965517	-3.202	2.942
24.65517241379311	-248.27586206896552	65.34482758620689	-3.171	2.626
27.06896551724138	-248.27586206896552	62.93103448275862	-3.136	2.312
29.48275862068965	-248.27586206896552	60.51724137931035	-3.096	1.998
31.89655172413793	-248.27586206896552	58.10344827586207	-3.052	1.686
34.310344827586206	-248.27586206896552	55.689655172413794	-3.003	1.376
36.724137931034484	-248.27586206896552	53.275862068965516	-2.951	1.069
39.13793103448276	-248.27586206896552	50.86206896551724	-2.894	0.765
41.55172413793103	-248.27586206896552	48.44827586206897	-2.834	0.465
43.96551724137931	-248.27586206896552	46.03448275862069	-2.769	0.17
46.37931034482759	-248.27586206896552	43.62068965517241	-2.701	-0.121
48.79310344827586	-248.27586206896552	41.20689655172414	-2.63	-0.407
51.206896551724135	-248.27586206896552	38.793103448275865	-2.555	-0.686
53.62068965517241	-248.27586206896552	36.37931034482759	-2.476	-0.959
56.03448275862069	-248.27586206896552	33.96551724137931	-2.395	-1.225
58.44827586206897	-248.27586206896552	31.551724137931032	-2.31	-1.484
60.86206896551724	-248.27586206896552	29.13793103448276	-2.223	-1.735
63.275862068965516	-248.27586206896552	26.724137931034484	-2.132	-1.978
65.6896551724138	-248.27586206896552	24.310344827586206	-2.04	-2.212
68.10344827586206	-248.27586206896552	21.896551724137936	-1.944	-2.437
70.51724137931035	-248.27586206896552	19.48275862068965	-1.847	-2.652
72.93103448275862	-248.27586206896552	17.06896551724138	-1.747	-2.858
75.34482758620689	-248.27586206896552	14.65517241379311	-1.646	-3.053
77.75862068965517	-248.27586206896552	12.241379310344826	-1.543	-3.238
80.17241379310344	-248.27586206896552	9.827586206896555	-1.438	-3.411
82.58620689655172	-248.27586206896552	7.413793103448285	-1.332	-3.574
85.0	-248.27586206896552	5.0	-1.225	-3.725
15.0	-234.31034482758622	75.0	-2.894	3.022
17.413793103448285	-234.31034482758622	72.58620689655172	-2.881	2.719
19.827586206896555	-234.31034482758622	70.17241379310344	-2.864	2.416
22.241379310344826	-234.31034482758622	67.75862068965517	-2.843	2.115
24.65517241379311	-234.31034482758622	65.34482758620689	-2.819	1.814
27.06896551724138	-234.31034482758622	62.93103448275862	-2.79	1.516
29.48275862068965	-234.31034482758622	60.51724137931035	-2.758	1.22
31.89655172413793	-234.31034482758622	58.10344827586207	-2.722	0.927
34.310344827586206	-234.31034482758622	55.689655172413794	-2.683	0.638
36.724137931034484	-234.31034482758622	53.275862068965516	-2.64	0.353
39.13793103448276	-234.31034482758622	50.86206896551724	-2.593	0.072
41.55172413793103	-234.31034482758622	48.44827586206897	-2.543	-0.203
43.96551724137931	-234.31034482758622	46.03448275862069	-2.49	-0.473
46.37931034482759	-234.31034482758622	43.62068965517241	-2.434	-0.738
48.79310344827586	-234.31034482758622	41.20689655172414	-2.374	-0.995
51.206896551724135	-234.31034482758622	38.793103448275865	-2.312	-1.246
53.62068965517241	-234.31034482758622	36.37931034482759	-2.246	-1.489
56.03448275862069	-234.31034482758622	33.96551724137931	-2.178	-1.724
58.44827586206897	-234.31034482758622	31.551724137931032	-2.107	-1.951
60.86206896551724	-234.31034482758622	29.13793103448276	-2.034	-2.17
63.275862068965516	-234.31034482758622	26.724137931034484	-1.958	-2.38
65.6896551724138	-234.31034482758622	24.310344827586206	-1.88	-2.58
68.10344827586206	-234.31034482758622	21.896551724137936	-1.8	-2.77
70.51724137931035	-234.31034482758622	19.48275862068965	-1.718	-2.95
72.93103448275862	-234.31034482758622	17.06896551724138	-1.634	-3.12
75.34482758620689	-234.31034482758622	14.65517241379311	-1.548	-3.279
77.75862068965517	-234.31034482758622	12.241379310344826	-1.461	-3.427
80.17241379310344	-234.31034482758622	9.827586206896555	-1.372	-3.564
82.58620689655172	-234.31034482758622	7.413793103448285	-1.282	-3.689
85.0	-234.31034482758622	5.0	-1.191	-3.803
15.0	-220.34482758620692	75.0	-2.393	2.047
17.413793103448285	-220.34482758620692	72.58620689655172	-2.387	1.756
19.827586206896555	-220.34482758620692	70.17241379310344	-2.377	1.467
22.241379310344826	-220.34482758620692	67.75862068965517	-2.364	1.181
24.65517241379311	-220.34482758620692	65.34482758620689	-2.348	0.897
27.06896551724138	-220.34482758620692	62.93103448275862	-2.329	0.617
29.48275862068965	-220.34482758620692	60.51724137931035	-2.307	0.342
31.89655172413793	-220.34482758620692	58.10344827586207	-2.282	0.071
34.310344827586206	-220.34482758620692	55.689655172413794	-2.255	-0.195
36.724137931034484	-220.34482758620692	53.275862068965516	-2.224	-0.456
39.13793103448276	-220.34482758620692	50.86206896551724	-2.191	-0.711
41.55172413793103	-220.34482758620692	48.44827586206897	-2.156	-0.959
43.96551724137931	-220.34482758620692	46.03448275862069	-2.117	-1.2
46.37931034482759	-220.34482758620692	43.62068965517241	-2.076	-1.434
48.79310344827586	-220.34482758620692	41.20689655172414	-2.033	-1.66
51.206896551724135	-220.34482758620692	38.793103448275865	-1.987	-1.878
53.62068965517241	-220.34482758620692	36.37931034482759	-1.939	-2.088
56.03448275862069	-220.34482758620692	33.96551724137931	-1.889	-2.288
58.44827586206897	-220.34482758620692	31.551724137931032	-1.836	-2.48
60.86206896551724	-220.34482758620692	29.13793103448276	-1.781	-2.661
63.275862068965516	-220.34482758620692	26.724137931034484	-1.725	-2.833
65.6896551724138	-220.34482758620692	24.310344827586206	-1.667	-2.995
68.10344827586206	-220.34482758620692	21.896551724137936	-1.606	-3.146
70.51724137931035	-220.34482758620692	19.48275862068965	-1.545	-3.287
72.93103448275862	-220.34482758620692	17.06896551724138	-1.481	-3.416
75.34482758620689	-220.34482758620692	14.65517241379311	-1.417	-3.534
77.75862068965517	-220.34482758620692	12.241379310344826	-1.351	-3.641
80.17241379310344	-220.34482758620692	9.827586206896555	-1.283	-3.736
82.58620689655172	-220.34482758620692	7.413793103448285	-1.215	-3.819
85.0	-220.34482758620692	5.0	-1.146	-3.891
15.0	-206.3793103448276	75.0	-1.796	1.018
17.413793103448285	-206.3793103448276	72.58620689655172	-1.797	0.74
19.827586206896555	-206.3793103448276	70.17241379310344	-1.795	0.465
22.241379310344826	-206.3793103448276	67.75862068965517	-1.792	0.194
24.65517241379311	-206.3793103448276	65.34482758620689	-1.786	-0.071
27.06896551724138	-206.3793103448276	62.93103448275862	-1.778	-0.331
29.48275862068965	-206.3793103448276	60.51724137931035	-1.769	-0.586
31.89655172413793	-206.3793103448276	58.10344827586207	-1.758	-0.834
34.310344827586206	-206.3793103448276	55.689655172413794	-1.744	-1.075
36.724137931034484	-206.3793103448276	53.275862068965516	-1.729	-1.31
39.13793103448276	-206.3793103448276	50.86206896551724	-1.712	-1.537
41.55172413793103	-206.3793103448276	48.44827586206897	-1.693	-1.756
43.96551724137931	-206.3793103448276	46.03448275862069	-1.672	-1.967
46.37931034482759	-206.3793103448276	43.62068965517241	-1.65	-2.169
48.79310344827586	-206.3793103448276	41.20689655172414	-1.626	-2.362
51.206896551724135	-206.3793103448276	38.793103448275865	-1.6	-2.545
53.62068965517241	-206.3793103448276	36.37931034482759	-1.572	-2.719
56.03448275862069	-206.3793103448276	33.96551724137931	-1.543	-2.883
58.44827586206897	-206.3793103448276	31.551724137931032	-1.513	-3.037
60.86206896551724	-206.3793103448276	29.13793103448276	-1.481	-3.18
63.275862068965516	-206.3793103448276	26.724137931034484	-1.447	-3.312
65.6896551724138	-206.3793103448276	24.310344827586206	-1.412	-3.434
68.10344827586206	-206.3793103448276	21.896551724137936	-1.376	-3.544
70.51724137931035	-206.3793103448276	19.48275862068965	-1.339	-3.642
72.93103448275862	-206.3793103448276	17.06896551724138	-1.3	-3.729
75.34482758620689	-206.3793103448276	14.65517241379311	-1.26	-3.804
77.75862068965517	-206.3793103448276	12.241379310344826	-1.22	-3.867
80.17241379310344	-206.3793103448276	9.827586206896555	-1.178	-3.918
82.58620689655172	-206.3793103448276	7.413793103448285	-1.135	-3.957
85.0	-206.3793103448276	5.0	-1.092	-3.984
15.0	-192.41379310344828	75.0	-1.138	-0.004
17.413793103448285	-192.41379310344828	72.58620689655172	-1.147	-0.271
19.827586206896555	-192.41379310344828	70.17241379310344	-1.154	-0.531
22.241379310344826	-192.41379310344828	67.75862068965517	-1.161	-0.785
24.65517241379311	-192.41379310344828	65.34482758620689	-1.167	-1.033
27.06896551724138	-192.41379310344828	62.93103448275862	-1.172	-1.274
29.48275862068965	-192.41379310344828	60.51724137931035	-1.176	-1.507
31.89655172413793	-192.41379310344828	58.10344827586207	-1.179	-1.733
34.310344827586206	-192.41379310344828	55.689655172413794	-1.181	-1.95
36.724137931034484	-192.41379310344828	53.275862068965516	-1.183	-2.158
39.13793103448276	-192.41379310344828	50.86206896551724	-1.183	-2.358
41.55172413793103	-192.41379310344828	48.44827586206897	-1.183	-2.548
43.96551724137931	-192.41379310344828	46.03448275862069	-1.182	-2.729
46.37931034482759	-192.41379310344828	43.62068965517241	-1.18	-2.899
48.79310344827586	-192.41379310344828	41.20689655172414	-1.177	-3.059
51.206896551724135	-192.41379310344828	38.793103448275865	-1.173	-3.209
53.62068965517241	-192.41379310344828	36.37931034482759	-1.168	-3.347
56.03448275862069	-192.41379310344828	33.96551724137931	-1.163	-3.475
58.44827586206897	-192.41379310344828	31.551724137931032	-1.156	-3.591
60.86206896551724	-192.41379310344828	29.13793103448276	-1.149	-3.696
63.275862068965516	-192.41379310344828	26.724137931034484	-1.141	-3.788
65.6896551724138	-192.41379310344828	24.310344827586206	-1.132	-3.869
68.10344827586206	-192.41379310344828	21.896551724137936	-1.122	-3.938
70.51724137931035	-192.41379310344828	19.48275862068965	-1.111	-3.995
72.93103448275862	-192.41379310344828	17.06896551724138	-1.1	-4.04
75.34482758620689	-192.41379310344828	14.65517241379311	-1.088	-4.072
77.75862068965517	-192.41379310344828	12.241379310344826	-1.075	-4.091
80.17241379310344	-192.41379310344828	9.827586206896555	-1.062	-4.099
82.58620689655172	-192.41379310344828	7.413793103448285	-1.047	-4.094
85.0	-192.41379310344828	5.0	-1.033	-4.076
15.0	-178.44827586206898	75.0	-0.458	-0.96
17.413793103448285	-178.44827586206898	72.58620689655172	-0.475	-1.214
19.827586206896555	-178.44827586206898	70.17241379310344	-0.492	-1.462
22.241379310344826	-178.44827586206898	67.75862068965517	-0.509	-1.701
24.65517241379311	-178.44827586206898	65.34482758620689	-0.527	-1.932
27.06896551724138	-178.44827586206898	62.93103448275862	-0.544	-2.155
29.48275862068965	-178.44827586206898	60.51724137931035	-0.563	-2.368
31.89655172413793	-178.44827586206898	58.10344827586207	-0.581	-2.573
34.310344827586206	-178.44827586206898	55.689655172413794	-0.6	-2.767
36.724137931034484	-178.44827586206898	53.275862068965516	-0.618	-2.951
39.13793103448276	-178.44827586206898	50.86206896551724	-0.637	-3.125
41.55172413793103	-178.44827586206898	48.44827586206897	-0.656	-3.288
43.96551724137931	-178.44827586206898	46.03448275862069	-0.675	-3.441
46.37931034482759	-178.44827586206898	43.62068965517241	-0.694	-3.581
48.79310344827586	-178.44827586206898	41.20689655172414	-0.713	-3.711
51.206896551724135	-178.44827586206898	38.793103448275865	-0.732	-3.828
53.62068965517241	-178.44827586206898	36.37931034482759	-0.75	-3.934
56.03448275862069	-178.44827586206898	33.96551724137931	-0.769	-4.028
58.44827586206897	-178.44827586206898	31.551724137931032	-0.787	-4.109
60.86206896551724	-178.44827586206898	29.13793103448276	-0.806	-4.177
63.275862068965516	-178.44827586206898	26.724137931034484	-0.824	-4.233
65.6896551724138	-178.44827586206898	24.310344827586206	-0.842	-4.277
68.10344827586206	-178.44827586206898	21.896551724137936	-0.859	-4.307
70.51724137931035	-178.44827586206898	19.48275862068965	-0.876	-4.325
72.93103448275862	-178.44827586206898	17.06896551724138	-0.893	-4.33
75.34482758620689	-178.44827586206898	14.65517241379311	-0.91	-4.322
77.75862068965517	-178.44827586206898	12.241379310344826	-0.926	-4.301
80.17241379310344	-178.44827586206898	9.827586206896555	-0.941	-4.268
82.58620689655172	-178.44827586206898	7.413793103448285	-0.957	-4.221
85.0	-178.44827586206898	5.0	-0.971	-4.162
15.0	-164.48275862068965	75.0	0.204	-1.792
17.413793103448285	-164.48275862068965	72.58620689655172	0.18	-2.036
19.827586206896555	-164.48275862068965	70.17241379310344	0.153	-2.272
22.241379310344826	-164.48275862068965	67.75862068965517	0.126	-2.498
24.65517241379311	-164.48275862068965	65.34482758620689	0.097	-2.715
27.06896551724138	-164.48275862068965	62.93103448275862	0.066	-2.922
29.48275862068965	-164.48275862068965	60.51724137931035	0.034	-3.118
31.89655172413793	-164.48275862068965	58.10344827586207	0.001	-3.304
34.310344827586206	-164.48275862068965	55.689655172413794	-0.033	-3.478
36.724137931034484	-164.48275862068965	53.275862068965516	-0.069	-3.642
39.13793103448276	-164.48275862068965	50.86206896551724	-0.105	-3.793
41.55172413793103	-164.48275862068965	48.44827586206897	-0.143	-3.933
43.96551724137931	-164.48275862068965	46.03448275862069	-0.181	-4.061
46.37931034482759	-164.48275862068965	43.62068965517241	-0.221	-4.176
48.79310344827586	-164.48275862068965	41.20689655172414	-0.261	-4.278
51.206896551724135	-164.48275862068965	38.793103448275865	-0.302	-4.368
53.62068965517241	-164.48275862068965	36.37931034482759	-0.344	-4.445
56.03448275862069	-164.48275862068965	33.96551724137931	-0.386	-4.509
58.44827586206897	-164.48275862068965	31.551724137931032	-0.429	-4.559
60.86206896551724	-164.48275862068965	29.13793103448276	-0.472	-4.597
63.275862068965516	-164.48275862068965	26.724137931034484	-0.515	-4.621
65.6896551724138	-164.48275862068965	24.310344827586206	-0.559	-4.631
68.10344827586206	-164.48275862068965	21.896551724137936	-0.603	-4.629
70.51724137931035	-164.48275862068965	19.48275862068965	-0.648	-4.612
72.93103448275862	-164.48275862068965	17.06896551724138	-0.692	-4.583
75.34482758620689	-164.48275862068965	14.65517241379311	-0.736	-4.54
77.75862068965517	-164.48275862068965	12.241379310344826	-0.78	-4.484
80.17241379310344	-164.48275862068965	9.827586206896555	-0.824	-4.415
82.58620689655172	-164.48275862068965	7.413793103448285	-0.868	-4.332
85.0	-164.48275862068965	5.0	-0.912	-4.237
15.0	-150.51724137931035	75.0	0.81	-2.451
17.413793103448285	-150.51724137931035	72.58620689655172	0.778	-2.688
19.827586206896555	-150.51724137931035	70.17241379310344	0.743	-2.914
22.241379310344826	-150.51724137931035	67.75862068965517	0.706	-3.13
24.65517241379311	-150.51724137931035	65.34482758620689	0.666	-3.335
27.06896551724138	-150.51724137931035	62.93103448275862	0.624	-3.53
29.48275862068965	-150.51724137931035	60.51724137931035	0.58	-3.712
31.89655172413793	-150.51724137931035	58.10344827586207	0.533	-3.883
34.310344827586206	-150.51724137931035	55.689655172413794	0.484	-4.042
36.724137931034484	-150.51724137931035	53.275862068965516	0.433	-4.189
39.13793103448276	-150.51724137931035	50.86206896551724	0.381	-4.323
41.55172413793103	-150.51724137931035	48.44827586206897	0.326	-4.444
43.96551724137931	-150.51724137931035	46.03448275862069	0.27	-4.552
46.37931034482759	-150.51724137931035	43.62068965517241	0.211	-4.647
48.79310344827586	-150.51724137931035	41.20689655172414	0.152	-4.728
51.206896551724135	-150.51724137931035	38.793103448275865	0.09	-4.796
53.62068965517241	-150.51724137931035	36.37931034482759	0.028	-4.85
56.03448275862069	-150.51724137931035	33.96551724137931	-0.036	-4.89
58.44827586206897	-150.51724137931035	31.551724137931032	-0.101	-4.917
60.86206896551724	-150.51724137931035	29.13793103448276	-0.167	-4.929
63.275862068965516	-150.51724137931035	26.724137931034484	-0.234	-4.928
65.6896551724138	-150.51724137931035	24.310344827586206	-0.301	-4.912
68.10344827586206	-150.51724137931035	21.896551724137936	-0.37	-4.883
70.51724137931035	-150.51724137931035	19.48275862068965	-0.439	-4.84
72.93103448275862	-150.51724137931035	17.06896551724138	-0.508	-4.783
75.34482758620689	-150.51724137931035	14.65517241379311	-0.578	-4.713
77.75862068965517	-150.51724137931035	12.241379310344826	-0.648	-4.629
80.17241379310344	-150.51724137931035	9.827586206896555	-0.717	-4.531
82.58620689655172	-150.51724137931035	7.413793103448285	-0.787	-4.42
85.0	-150.51724137931035	5.0	-0.857	-4.297
15.0	-136.55172413793105	75.0	1.322	-2.899
17.413793103448285	-136.55172413793105	72.58620689655172	1.283	-3.13
19.827586206896555	-136.55172413793105	70.17241379310344	1.242	-3.35
22.241379310344826	-136.55172413793105	67.75862068965517	1.196	-3.559
24.65517241379311	-136.55172413793105	65.34482758620689	1.148	-3.757
27.06896551724138	-136.55172413793105	62.93103448275862	1.096	-3.942
29.48275862068965	-136.55172413793105	60.51724137931035	1.041	-4.116
31.89655172413793	-136.55172413793105	58.10344827586207	0.983	-4.277
34.310344827586206	-136.55172413793105	55.689655172413794	0.922	-4.425
36.724137931034484	-136.55172413793105	53.275862068965516	0.858	-4.56
39.13793103448276	-136.55172413793105	50.86206896551724	0.792	-4.682
41.55172413793103	-136.55172413793105	48.44827586206897	0.723	-4.791
43.96551724137931	-136.55172413793105	46.03448275862069	0.651	-4.886
46.37931034482759	-136.55172413793105	43.62068965517241	0.577	-4.966
48.79310344827586	-136.55172413793105	41.20689655172414	0.501	-5.033
51.206896551724135	-136.55172413793105	38.793103448275865	0.423	-5.086
53.62068965517241	-136.55172413793105	36.37931034482759	0.342	-5.125
56.03448275862069	-136.55172413793105	33.96551724137931	0.26	-5.149
58.44827586206897	-136.55172413793105	31.551724137931032	0.177	-5.159
60.86206896551724	-136.55172413793105	29.13793103448276	0.091	-5.155
63.275862068965516	-136.55172413793105	26.724137931034484	0.005	-5.136
65.6896551724138	-136.55172413793105	24.310344827586206	-0.083	-5.103
68.10344827586206	-136.55172413793105	21.896551724137936	-0.172	-5.056
70.51724137931035	-136.55172413793105	19.48275862068965	-0.262	-4.995
72.93103448275862	-136.55172413793105	17.06896551724138	-0.352	-4.919
75.34482758620689	-136.55172413793105	14.65517241379311	-0.444	-4.83
77.75862068965517	-136.55172413793105	12.241379310344826	-0.535	-4.727
80.17241379310344	-136.55172413793105	9.827586206896555	-0.627	-4.61
82.58620689655172	-136.55172413793105	7.413793103448285	-0.719	-4.48
85.0	-136.55172413793105	5.0	-0.811	-4.337
15.0	-122.58620689655174	75.0	1.711	-3.109
17.413793103448285	-122.58620689655174	72.58620689655172	1.668	-3.337
19.827586206896555	-122.58620689655174	70.17241379310344	1.62	-3.554
22.241379310344826	-122.58620689655174	67.75862068965517	1.569	-3.76
24.65517241379311	-122.58620689655174	65.34482758620689	1.514	-3.954
27.06896551724138	-122.58620689655174	62.93103448275862	1.455	-4.136
29.48275862068965	-122.58620689655174	60.51724137931035	1.392	-4.305
31.89655172413793	-122.58620689655174	58.10344827586207	1.325	-4.461
34.310344827586206	-122.58620689655174	55.689655172413794	1.255	-4.604
36.724137931034484	-122.58620689655174	53.275862068965516	1.181	-4.734
39.13793103448276	-122.58620689655174	50.86206896551724	1.104	-4.851
41.55172413793103	-122.58620689655174	48.44827586206897	1.024	-4.953
43.96551724137931	-122.58620689655174	46.03448275862069	0.941	-5.042
46.37931034482759	-122.58620689655174	43.62068965517241	0.855	-5.116
48.79310344827586	-122.58620689655174	41.20689655172414	0.766	-5.176
51.206896551724135	-122.58620689655174	38.793103448275865	0.675	-5.222
53.62068965517241	-122.58620689655174	36.37931034482759	0.581	-5.253
56.03448275862069	-122.58620689655174	33.96551724137931	0.485	-5.27
58.44827586206897	-122.58620689655174	31.551724137931032	0.387	-5.273
60.86206896551724	-122.58620689655174	29.13793103448276	0.287	-5.26
63.275862068965516	-122.58620689655174	26.724137931034484	0.186	-5.234
65.6896551724138	-122.58620689655174	24.310344827586206	0.083	-5.192
68.10344827586206	-122.58620689655174	21.896551724137936	-0.022	-5.137
70.51724137931035	-122.58620689655174	19.48275862068965	-0.128	-5.067
72.93103448275862	-122.58620689655174	17.06896551724138	-0.234	-4.983
75.34482758620689	-122.58620689655174	14.65517241379311	-0.342	-4.885
77.75862068965517	-122.58620689655174	12.241379310344826	-0.45	-4.773
80.17241379310344	-122.58620689655174	9.827586206896555	-0.558	-4.647
82.58620689655172	-122.58620689655174	7.413793103448285	-0.667	-4.508
85.0	-122.58620689655174	5.0	-0.776	-4.356
15.0	-108.62068965517244	75.0	1.953	-3.068
17.413793103448285	-108.62068965517244	72.58620689655172	1.907	-3.297
19.827586206896555	-108.62068965517244	70.17241379310344	1.857	-3.514
22.241379310344826	-108.62068965517244	67.75862068965517	1.802	-3.721
24.65517241379311	-108.62068965517244	65.34482758620689	1.742	-3.915
27.06896551724138	-108.62068965517244	62.93103448275862	1.678	-4.098
29.48275862068965	-108.62068965517244	60.51724137931035	1.61	-4.268
31.89655172413793	-108.62068965517244	58.10344827586207	1.538	-4.425
34.310344827586206	-108.62068965517244	55.689655172413794	1.462	-4.569
36.724137931034484	-108.62068965517244	53.275862068965516	1.383	-4.7
39.13793103448276	-108.62068965517244	50.86206896551724	1.299	-4.818
41.55172413793103	-108.62068965517244	48.44827586206897	1.212	-4.921
43.96551724137931	-108.62068965517244	46.03448275862069	1.122	-5.011
46.37931034482759	-108.62068965517244	43.62068965517241	1.028	-5.087
48.79310344827586	-108.62068965517244	41.20689655172414	0.932	-5.148
51.206896551724135	-108.62068965517244	38.793103448275865	0.832	-5.196
53.62068965517241	-108.62068965517244	36.37931034482759	0.73	-5.228
56.03448275862069	-108.62068965517244	33.96551724137931	0.626	-5.247
58.44827586206897	-108.62068965517244	31.551724137931032	0.519	-5.25
60.86206896551724	-108.62068965517244	29.13793103448276	0.41	-5.24
63.275862068965516	-108.62068965517244	26.724137931034484	0.299	-5.215
65.6896551724138	-108.62068965517244	24.310344827586206	0.186	-5.175
68.10344827586206	-108.62068965517244	21.896551724137936	0.072	-5.121
70.51724137931035	-108.62068965517244	19.48275862068965	-0.044	-5.053
72.93103448275862	-108.62068965517244	17.06896551724138	-0.16	-4.97
75.34482758620689	-108.62068965517244	14.65517241379311	-0.278	-4.874
77.75862068965517	-108.62068965517244	12.241379310344826	-0.396	-4.764
80.17241379310344	-108.62068965517244	9.827586206896555	-0.515	-4.64
82.58620689655172	-108.62068965517244	7.413793103448285	-0.634	-4.503
85.0	-108.62068965517244	5.0	-0.754	-4.352
15.0	-94.65517241379314	75.0	2.036	-2.779
17.413793103448285	-94.65517241379314	72.58620689655172	1.989	-3.011
19.827586206896555	-94.65517241379314	70.17241379310344	1.937	-3.233
22.241379310344826	-94.65517241379314	67.75862068965517	1.88	-3.444
24.65517241379311	-94.65517241379314	65.34482758620689	1.82	-3.643
27.06896551724138	-94.65517241379314	62.93103448275862	1.754	-3.831
29.48275862068965	-94.65517241379314	60.51724137931035	1.684	-4.007
31.89655172413793	-94.65517241379314	58.10344827586207	1.611	-4.171
34.310344827586206	-94.65517241379314	55.689655172413794	1.533	-4.322
36.724137931034484	-94.65517241379314	53.275862068965516	1.451	-4.46
39.13793103448276	-94.65517241379314	50.86206896551724	1.365	-4.586
41.55172413793103	-94.65517241379314	48.44827586206897	1.276	-4.697
43.96551724137931	-94.65517241379314	46.03448275862069	1.183	-4.796
46.37931034482759	-94.65517241379314	43.62068965517241	1.087	-4.88
48.79310344827586	-94.65517241379314	41.20689655172414	0.988	-4.951
51.206896551724135	-94.65517241379314	38.793103448275865	0.886	-5.008
53.62068965517241	-94.65517241379314	36.37931034482759	0.781	-5.051
56.03448275862069	-94.65517241379314	33.96551724137931	0.673	-5.079
58.44827586206897	-94.65517241379314	31.551724137931032	0.563	-5.094
60.86206896551724	-94.65517241379314	29.13793103448276	0.451	-5.094
63.275862068965516	-94.65517241379314	26.724137931034484	0.337	-5.08
65.6896551724138	-94.65517241379314	24.310344827586206	0.221	-5.052
68.10344827586206	-94.65517241379314	21.896551724137936	0.104	-5.009
70.51724137931035	-94.65517241379314	19.48275862068965	-0.015	-4.953
72.93103448275862	-94.65517241379314	17.06896551724138	-0.136	-4.883
75.34482758620689	-94.65517241379314	14.65517241379311	-0.257	-4.798
77.75862068965517	-94.65517241379314	12.241379310344826	-0.378	-4.7
80.17241379310344	-94.65517241379314	9.827586206896555	-0.501	-4.589
82.58620689655172	-94.65517241379314	7.413793103448285	-0.623	-4.464
85.0	-94.65517241379314	5.0	-0.746	-4.326
15.0	-80.68965517241384	75.0	1.952	-2.259
17.413793103448285	-80.68965517241384	72.58620689655172	1.906	-2.497
19.827586206896555	-80.68965517241384	70.17241379310344	1.856	-2.726
22.241379310344826	-80.68965517241384	67.75862068965517	1.801	-2.945
24.65517241379311	-80.68965517241384	65.34482758620689	1.741	-3.154
27.06896551724138	-80.68965517241384	62.93103448275862	1.677	-3.352
29.48275862068965	-80.68965517241384	60.51724137931035	1.609	-3.539
31.89655172413793	-80.68965517241384	58.10344827586207	1.537	-3.714
34.310344827586206	-80.68965517241384	55.689655172413794	1.461	-3.877
36.724137931034484	-80.68965517241384	53.275862068965516	1.382	-4.029
39.13793103448276	-80.68965517241384	50.86206896551724	1.298	-4.168
41.55172413793103	-80.68965517241384	48.44827586206897	1.211	-4.295
43.96551724137931	-80.68965517241384	46.03448275862069	1.121	-4.408
46.37931034482759	-80.68965517241384	43.62068965517241	1.028	-4.509
48.79310344827586	-80.68965517241384	41.20689655172414	0.931	-4.597
51.206896551724135	-80.68965517241384	38.793103448275865	0.832	-4.671
53.62068965517241	-80.68965517241384	36.37931034482759	0.73	-4.731
56.03448275862069	-80.68965517241384	33.96551724137931	0.625	-4.779
58.44827586206897	-80.68965517241384	31.551724137931032	0.518	-4.812
60.86206896551724	-80.68965517241384	29.13793103448276	0.409	-4.832
63.275862068965516	-80.68965517241384	26.724137931034484	0.298	-4.838
65.6896551724138	-80.68965517241384	24.310344827586206	0.186	-4.83
68.10344827586206	-80.68965517241384	21.896551724137936	0.071	-4.809
70.51724137931035	-80.68965517241384	19.48275862068965	-0.044	-4.773
72.93103448275862	-80.68965517241384	17.06896551724138	-0.161	-4.725
75.34482758620689	-80.68965517241384	14.65517241379311	-0.278	-4.662
77.75862068965517	-80.68965517241384	12.241379310344826	-0.397	-4.586
80.17241379310344	-80.68965517241384	9.827586206896555	-0.516	-4.497
82.58620689655172	-80.68965517241384	7.413793103448285	-0.635	-4.395
85.0	-80.68965517241384	5.0	-0.754	-4.279
15.0	-66.72413793103448	75.0	1.709	-1.538
17.413793103448285	-66.72413793103448	72.58620689655172	1.665	-1.786
19.827586206896555	-66.72413793103448	70.17241379310344	1.618	-2.025
22.241379310344826	-66.72413793103448	67.75862068965517	1.567	-2.255
24.65517241379311	-66.72413793103448	65.34482758620689	1.512	-2.476
27.06896551724138	-66.72413793103448	62.93103448275862	1.453	-2.688
29.48275862068965	-66.72413793103448	60.51724137931035	1.39	-2.889
31.89655172413793	-66.72413793103448	58.10344827586207	1.323	-3.081
34.310344827586206	-66.72413793103448	55.689655172413794	1.253	-3.261
36.724137931034484	-66.72413793103448	53.275862068965516	1.179	-3.431
39.13793103448276	-66.72413793103448	50.86206896551724	1.102	-3.59
41.55172413793103	-66.72413793103448	48.44827586206897	1.022	-3.736
43.96551724137931	-66.72413793103448	46.03448275862069	0.939	-3.872
46.37931034482759	-66.72413793103448	43.62068965517241	0.853	-3.995
48.79310344827586	-66.72413793103448	41.20689655172414	0.765	-4.105
51.206896551724135	-66.72413793103448	38.793103448275865	0.674	-4.204
53.62068965517241	-66.72413793103448	36.37931034482759	0.58	-4.289
56.03448275862069	-66.72413793103448	33.96551724137931	0.484	-4.362
58.44827586206897	-66.72413793103448	31.551724137931032	0.386	-4.422
60.86206896551724	-66.72413793103448	29.13793103448276	0.286	-4.469
63.275862068965516	-66.72413793103448	26.724137931034484	0.185	-4.503
65.6896551724138	-66.72413793103448	24.310344827586206	0.082	-4.523
68.10344827586206	-66.72413793103448	21.896551724137936	-0.023	-4.531
70.51724137931035	-66.72413793103448	19.48275862068965	-0.128	-4.525
72.93103448275862	-66.72413793103448	17.06896551724138	-0.235	-4.506
75.34482758620689	-66.72413793103448	14.65517241379311	-0.342	-4.473
77.75862068965517	-66.72413793103448	12.241379310344826	-0.45	-4.428
80.17241379310344	-66.72413793103448	9.827586206896555	-0.559	-4.37
82.58620689655172	-66.72413793103448	7.413793103448285	-0.667	-4.298
85.0	-66.72413793103448	5.0	-0.776	-4.214
15.0	-52.758620689655174	75.0	1.319	-0.66
17.413793103448285	-52.758620689655174	72.58620689655172	1.28	-0.918
19.827586206896555	-52.758620689655174	70.17241379310344	1.239	-1.17
22.241379310344826	-52.758620689655174	67.75862068965517	1.193	-1.414
24.65517241379311	-52.758620689655174	65.34482758620689	1.145	-1.65
27.06896551724138	-52.758620689655174	62.93103448275862	1.093	-1.878
29.48275862068965	-52.758620689655174	60.51724137931035	1.038	-2.098
31.89655172413793	-52.758620689655174	58.10344827586207	0.98	-2.309
34.310344827586206	-52.758620689655174	55.689655172413794	0.92	-2.511
36.724137931034484	-52.758620689655174	53.275862068965516	0.856	-2.703
39.13793103448276	-52.758620689655174	50.86206896551724	0.789	-2.885
41.55172413793103	-52.758620689655174	48.44827586206897	0.72	-3.056
43.96551724137931	-52.758620689655174	46.03448275862069	0.649	-3.217
46.37931034482759	-52.758620689655174	43.62068965517241	0.575	-3.367
48.79310344827586	-52.758620689655174	41.20689655172414	0.499	-3.506
51.206896551724135	-52.758620689655174	38.793103448275865	0.421	-3.634
53.62068965517241	-52.758620689655174	36.37931034482759	0.34	-3.75
56.03448275862069	-52.758620689655174	33.96551724137931	0.258	-3.854
58.44827586206897	-52.758620689655174	31.551724137931032	0.175	-3.946
60.86206896551724	-52.758620689655174	29.13793103448276	0.09	-4.026
63.275862068965516	-52.758620689655174	26.724137931034484	0.003	-4.094
65.6896551724138	-52.758620689655174	24.310344827586206	-0.085	-4.149
68.10344827586206	-52.758620689655174	21.896551724137936	-0.173	-4.192
70.51724137931035	-52.758620689655174	19.48275862068965	-0.263	-4.222
72.93103448275862	-52.758620689655174	17.06896551724138	-0.353	-4.239
75.34482758620689	-52.758620689655174	14.65517241379311	-0.444	-4.244
77.75862068965517	-52.758620689655174	12.241379310344826	-0.536	-4.235
80.17241379310344	-52.758620689655174	9.827586206896555	-0.628	-4.215
82.58620689655172	-52.758620689655174	7.413793103448285	-0.719	-4.181
85.0	-52.758620689655174	5.0	-0.811	-4.135
15.0	-38.79310344827587	75.0	0.806	0.324
17.413793103448285	-38.79310344827587	72.58620689655172	0.774	0.053
19.827586206896555	-38.79310344827587	70.17241379310344	0.739	-0.212
22.241379310344826	-38.79310344827587	67.75862068965517	0.702	-0.471
24.65517241379311	-38.79310344827587	65.34482758620689	0.662	-0.725
27.06896551724138	-38.79310344827587	62.93103448275862	0.62	-0.972
29.48275862068965	-38.79310344827587	60.51724137931035	0.576	-1.212
31.89655172413793	-38.79310344827587	58.10344827586207	0.53	-1.444
34.310344827586206	-38.79310344827587	55.689655172413794	0.481	-1.669
36.724137931034484	-38.79310344827587	53.275862068965516	0.43	-1.886
39.13793103448276	-38.79310344827587	50.86206896551724	0.377	-2.095
41.55172413793103	-38.79310344827587	48.44827586206897	0.323	-2.294
43.96551724137931	-38.79310344827587	46.03448275862069	0.267	-2.484
46.37931034482759	-38.79310344827587	43.62068965517241	0.209	-2.665
48.79310344827586	-38.79310344827587	41.20689655172414	0.149	-2.836
51.206896551724135	-38.79310344827587	38.793103448275865	0.088	-2.996
53.62068965517241	-38.79310344827587	36.37931034482759	0.025	-3.146
56.03448275862069	-38.79310344827587	33.96551724137931	-0.038	-3.285
58.44827586206897	-38.79310344827587	31.551724137931032	-0.103	-3.413
60.86206896551724	-38.79310344827587	29.13793103448276	-0.169	-3.53
63.275862068965516	-38.79310344827587	26.724137931034484	-0.236	-3.636
65.6896551724138	-38.79310344827587	24.310344827586206	-0.303	-3.73
68.10344827586206	-38.79310344827587	21.896551724137936	-0.371	-3.812
70.51724137931035	-38.79310344827587	19.48275862068965	-0.44	-3.882
72.93103448275862	-38.79310344827587	17.06896551724138	-0.509	-3.94
75.34482758620689	-38.79310344827587	14.65517241379311	-0.579	-3.986
77.75862068965517	-38.79310344827587	12.241379310344826	-0.648	-4.019
80.17241379310344	-38.79310344827587	9.827586206896555	-0.718	-4.041
82.58620689655172	-38.79310344827587	7.413793103448285	-0.788	-4.05
85.0	-38.79310344827587	5.0	-0.857	-4.046
15.0	-24.82758620689657	75.0	0.2	1.355
17.413793103448285	-24.82758620689657	72.58620689655172	0.175	1.072
19.827586206896555	-24.82758620689657	70.17241379310344	0.149	0.793
22.241379310344826	-24.82758620689657	67.75862068965517	0.121	0.517
24.65517241379311	-24.82758620689657	65.34482758620689	0.092	0.246
27.06896551724138	-24.82758620689657	62.93103448275862	0.062	-0.021
29.48275862068965	-24.82758620689657	60.51724137931035	0.03	-0.282
31.89655172413793	-24.82758620689657	58.10344827586207	-0.003	-0.538
34.310344827586206	-24.82758620689657	55.689655172413794	-0.037	-0.787
36.724137931034484	-24.82758620689657	53.275862068965516	-0.072	-1.03
39.13793103448276	-24.82758620689657	50.86206896551724	-0.109	-1.266
41.55172413793103	-24.82758620689657	48.44827586206897	-0.146	-1.495
43.96551724137931	-24.82758620689657	46.03448275862069	-0.185	-1.716
46.37931034482759	-24.82758620689657	43.62068965517241	-0.224	-1.928
48.79310344827586	-24.82758620689657	41.20689655172414	-0.264	-2.132
51.206896551724135	-24.82758620689657	38.793103448275865	-0.305	-2.327
53.62068965517241	-24.82758620689657	36.37931034482759	-0.346	-2.513
56.03448275862069	-24.82758620689657	33.96551724137931	-0.389	-2.689
58.44827586206897	-24.82758620689657	31.551724137931032	-0.431	-2.855
60.86206896551724	-24.82758620689657	29.13793103448276	-0.474	-3.01
63.275862068965516	-24.82758620689657	26.724137931034484	-0.518	-3.156
65.6896551724138	-24.82758620689657	24.310344827586206	-0.561	-3.29
68.10344827586206	-24.82758620689657	21.896551724137936	-0.605	-3.414
70.51724137931035	-24.82758620689657	19.48275862068965	-0.649	-3.526
72.93103448275862	-24.82758620689657	17.06896551724138	-0.693	-3.627
75.34482758620689	-24.82758620689657	14.65517241379311	-0.737	-3.716
77.75862068965517	-24.82758620689657	12.241379310344826	-0.781	-3.793
80.17241379310344	-24.82758620689657	9.827586206896555	-0.825	-3.859
82.58620689655172	-24.82758620689657	7.413793103448285	-0.869	-3.912
85.0	-24.82758620689657	5.0	-0.912	-3.953
15.0	-10.862068965517267	75.0	-0.463	2.373
17.413793103448285	-10.862068965517267	72.58620689655172	-0.479	2.078
19.827586206896555	-10.862068965517267	70.17241379310344	-0.496	1.784
22.241379310344826	-10.862068965517267	67.75862068965517	-0.513	1.493
24.65517241379311	-10.862068965517267	65.34482758620689	-0.531	1.204
27.06896551724138	-10.862068965517267	62.93103448275862	-0.549	0.918
29.48275862068965	-10.862068965517267	60.51724137931035	-0.567	0.635
31.89655172413793	-10.862068965517267	58.10344827586207	-0.585	0.357
34.310344827586206	-10.862068965517267	55.689655172413794	-0.604	0.083
36.724137931034484	-10.862068965517267	53.275862068965516	-0.622	-0.186
39.13793103448276	-10.862068965517267	50.86206896551724	-0.641	-0.449
41.55172413793103	-10.862068965517267	48.44827586206897	-0.66	-0.706
43.96551724137931	-10.862068965517267	46.03448275862069	-0.678	-0.957
46.37931034482759	-10.862068965517267	43.62068965517241	-0.697	-1.201
48.79310344827586	-10.862068965517267	41.20689655172414	-0.716	-1.438
51.206896551724135	-10.862068965517267	38.793103448275865	-0.735	-1.667
53.62068965517241	-10.862068965517267	36.37931034482759	-0.753	-1.887
56.03448275862069	-10.862068965517267	33.96551724137931	-0.772	-2.1
58.44827586206897	-10.862068965517267	31.551724137931032	-0.79	-2.303
60.86206896551724	-10.862068965517267	29.13793103448276	-0.808	-2.497
63.275862068965516	-10.862068965517267	26.724137931034484	-0.826	-2.682
65.6896551724138	-10.862068965517267	24.310344827586206	-0.844	-2.856
68.10344827586206	-10.862068965517267	21.896551724137936	-0.861	-3.021
70.51724137931035	-10.862068965517267	19.48275862068965	-0.878	-3.174
72.93103448275862	-10.862068965517267	17.06896551724138	-0.895	-3.317
75.34482758620689	-10.862068965517267	14.65517241379311	-0.911	-3.449
77.75862068965517	-10.862068965517267	12.241379310344826	-0.927	-3.57
80.17241379310344	-10.862068965517267	9.827586206896555	-0.942	-3.679
82.58620689655172	-10.862068965517267	7.413793103448285	-0.957	-3.776
85.0	-10.862068965517267	5.0	-0.972	-3.861
15.0	3.1034482758620356	75.0	-1.143	3.317
17.413793103448285	3.1034482758620356	72.58620689655172	-1.151	3.011
19.827586206896555	3.1034482758620356	70.17241379310344	-1.159	2.704
22.241379310344826	3.1034482758620356	67.75862068965517	-1.165	2.398
24.65517241379311	3.1034482758620356	65.34482758620689	-1.171	2.092
27.06896551724138	3.1034482758620356	62.93103448275862	-1.176	1.788
29.48275862068965	3.1034482758620356	60.51724137931035	-1.18	1.486
31.89655172413793	3.1034482758620356	58.10344827586207	-1.183	1.187
34.310344827586206	3.1034482758620356	55.689655172413794	-1.185	0.891
36.724137931034484	3.1034482758620356	53.275862068965516	-1.187	0.598
39.13793103448276	3.1034482758620356	50.86206896551724	-1.187	0.309
41.55172413793103	3.1034482758620356	48.44827586206897	-1.187	0.026
43.96551724137931	3.1034482758620356	46.03448275862069	-1.185	-0.253
46.37931034482759	3.1034482758620356	43.62068965517241	-1.183	-0.527
48.79310344827586	3.1034482758620356	41.20689655172414	-1.18	-0.794
51.206896551724135	3.1034482758620356	38.793103448275865	-1.176	-1.054
53.62068965517241	3.1034482758620356	36.37931034482759	-1.171	-1.308
56.03448275862069	3.1034482758620356	33.96551724137931	-1.165	-1.553
58.44827586206897	3.1034482758620356	31.551724137931032	-1.159	-1.791
60.86206896551724	3.1034482758620356	29.13793103448276	-1.151	-2.021
63.275862068965516	3.1034482758620356	26.724137931034484	-1.143	-2.242
65.6896551724138	3.1034482758620356	24.310344827586206	-1.134	-2.454
68.10344827586206	3.1034482758620356	21.896551724137936	-1.124	-2.656
70.51724137931035	3.1034482758620356	19.48275862068965	-1.113	-2.848
72.93103448275862	3.1034482758620356	17.06896551724138	-1.101	-3.03
75.34482758620689	3.1034482758620356	14.65517241379311	-1.089	-3.202
77.75862068965517	3.1034482758620356	12.241379310344826	-1.076	-3.362
80.17241379310344	3.1034482758620356	9.827586206896555	-1.062	-3.512
82.58620689655172	3.1034482758620356	7.413793103448285	-1.048	-3.65
85.0	3.1034482758620356	5.0	-1.033	-3.776
15.0	17.068965517241338	75.0	-1.801	4.133
17.413793103448285	17.068965517241338	72.58620689655172	-1.801	3.816
19.827586206896555	17.068965517241338	70.17241379310344	-1.799	3.498
22.241379310344826	17.068965517241338	67.75862068965517	-1.796	3.179
24.65517241379311	17.068965517241338	65.34482758620689	-1.79	2.859
27.06896551724138	17.068965517241338	62.93103448275862	-1.783	2.54
29.48275862068965	17.068965517241338	60.51724137931035	-1.773	2.221
31.89655172413793	17.068965517241338	58.10344827586207	-1.761	1.904
34.310344827586206	17.068965517241338	55.689655172413794	-1.748	1.588
36.724137931034484	17.068965517241338	53.275862068965516	-1.733	1.274
39.13793103448276	17.068965517241338	50.86206896551724	-1.716	0.964
41.55172413793103	17.068965517241338	48.44827586206897	-1.696	0.657
43.96551724137931	17.068965517241338	46.03448275862069	-1.676	0.354
46.37931034482759	17.068965517241338	43.62068965517241	-1.653	0.056
48.79310344827586	17.068965517241338	41.20689655172414	-1.629	-0.238
51.206896551724135	17.068965517241338	38.793103448275865	-1.603	-0.525
53.62068965517241	17.068965517241338	36.37931034482759	-1.575	-0.807
56.03448275862069	17.068965517241338	33.96551724137931	-1.546	-1.082
58.44827586206897	17.068965517241338	31.551724137931032	-1.515	-1.35
60.86206896551724	17.068965517241338	29.13793103448276	-1.483	-1.61
63.275862068965516	17.068965517241338	26.724137931034484	-1.449	-1.862
65.6896551724138	17.068965517241338	24.310344827586206	-1.414	-2.106
68.10344827586206	17.068965517241338	21.896551724137936	-1.378	-2.341
70.51724137931035	17.068965517241338	19.48275862068965	-1.34	-2.567
72.93103448275862	17.068965517241338	17.06896551724138	-1.301	-2.782
75.34482758620689	17.068965517241338	14.65517241379311	-1.261	-2.988
77.75862068965517	17.068965517241338	12.241379310344826	-1.221	-3.183
80.17241379310344	17.068965517241338	9.827586206896555	-1.179	-3.368
82.58620689655172	17.068965517241338	7.413793103448285	-1.136	-3.541
85.0	17.068965517241338	5.0	-1.092	-3.703
15.0	31.034482758620697	75.0	-2.397	4.77
17.413793103448285	31.034482758620697	72.58620689655172	-2.39	4.446
19.827586206896555	31.034482758620697	70.17241379310344	-2.38	4.119
22.241379310344826	31.034482758620697	67.75862068965517	-2.367	3.79
24.65517241379311	31.034482758620697	65.34482758620689	-2.351	3.459
27.06896551724138	31.034482758620697	62.93103448275862	-2.332	3.128
29.48275862068965	31.034482758620697	60.51724137931035	-2.311	2.796
31.89655172413793	31.034482758620697	58.10344827586207	-2.286	2.464
34.310344827586206	31.034482758620697	55.689655172413794	-2.258	2.133
36.724137931034484	31.034482758620697	53.275862068965516	-2.228	1.803
39.13793103448276	31.034482758620697	50.86206896551724	-2.194	1.476
41.55172413793103	31.034482758620697	48.44827586206897	-2.159	1.151
43.96551724137931	31.034482758620697	46.03448275862069	-2.12	0.829
46.37931034482759	31.034482758620697	43.62068965517241	-2.079	0.511
48.79310344827586	31.034482758620697	41.20689655172414	-2.036	0.197
51.206896551724135	31.034482758620697	38.793103448275865	-1.99	-0.112
53.62068965517241	31.034482758620697	36.37931034482759	-1.941	-0.416
56.03448275862069	31.034482758620697	33.96551724137931	-1.891	-0.713
58.44827586206897	31.034482758620697	31.551724137931032	-1.838	-1.005
60.86206896551724	31.034482758620697	29.13793103448276	-1.783	-1.289
63.275862068965516	31.034482758620697	26.724137931034484	-1.727	-1.566
65.6896551724138	31.034482758620697	24.310344827586206	-1.668	-1.835
68.10344827586206	31.034482758620697	21.896551724137936	-1.608	-2.095
70.51724137931035	31.034482758620697	19.48275862068965	-1.546	-2.347
72.93103448275862	31.034482758620697	17.06896551724138	-1.483	-2.589
75.34482758620689	31.034482758620697	14.65517241379311	-1.418	-2.821
77.75862068965517	31.034482758620697	12.241379310344826	-1.352	-3.043
80.17241379310344	31.034482758620697	9.827586206896555	-1.284	-3.255
82.58620689655172	31.034482758620697	7.413793103448285	-1.216	-3.456
85.0	31.034482758620697	5.0	-1.146	-3.645
15.0	45.0	75.0	-2.897	5.192
17.413793103448285	45.0	72.58620689655172	-2.884	4.863
19.827586206896555	45.0	70.17241379310344	-2.867	4.53
22.241379310344826	45.0	67.75862068965517	-2.846	4.194
24.65517241379311	45.0	65.34482758620689	-2.822	3.857
27.06896551724138	45.0	62.93103448275862	-2.793	3.517
29.48275862068965	45.0	60.51724137931035	-2.761	3.176
31.89655172413793	45.0	58.10344827586207	-2.725	2.835
34.310344827586206	45.0	55.689655172413794	-2.686	2.494
36.724137931034484	45.0	53.275862068965516	-2.642	2.154
39.13793103448276	45.0	50.86206896551724	-2.596	1.815
41.55172413793103	45.0	48.44827586206897	-2.546	1.478
43.96551724137931	45.0	46.03448275862069	-2.493	1.144
46.37931034482759	45.0	43.62068965517241	-2.436	0.813
48.79310344827586	45.0	41.20689655172414	-2.376	0.485
51.206896551724135	45.0	38.793103448275865	-2.314	0.162
53.62068965517241	45.0	36.37931034482759	-2.248	-0.156
56.03448275862069	45.0	33.96551724137931	-2.18	-0.469
58.44827586206897	45.0	31.551724137931032	-2.109	-0.776
60.86206896551724	45.0	29.13793103448276	-2.035	-1.076
63.275862068965516	45.0	26.724137931034484	-1.96	-1.369
65.6896551724138	45.0	24.310344827586206	-1.881	-1.655
68.10344827586206	45.0	21.896551724137936	-1.801	-1.932
70.51724137931035	45.0	19.48275862068965	-1.719	-2.201
72.93103448275862	45.0	17.06896551724138	-1.635	-2.46
75.34482758620689	45.0	14.65517241379311	-1.549	-2.711
77.75862068965517	45.0	12.241379310344826	-1.461	-2.951
80.17241379310344	45.0	9.827586206896555	-1.372	-3.18
82.58620689655172	45.0	7.413793103448285	-1.282	-3.399
85.0	45.0	5.0	-1.191	-3.607
